tau, avaraged solution, real solution
0.00 | 2.00 | 2.01
0.03 | 1.66 | 1.67
0.05 | 1.43 | 1.44
0.08 | 1.26 | 1.27
0.10 | 1.12 | 1.13
0.13 | 1.01 | 1.02
0.15 | 0.91 | 0.92
0.18 | 0.82 | 0.83
0.20 | 0.74 | 0.75
0.23 | 0.65 | 0.66
0.25 | 0.56 | 0.57
0.28 | 0.46 | 0.47
0.30 | 0.37 | 0.38
0.33 | 0.27 | 0.28
0.35 | 0.17 | 0.18
0.38 | 0.07 | 0.08
0.40 | -0.03 | -0.02
0.43 | -0.13 | -0.12
0.45 | -0.23 | -0.22
0.48 | -0.33 | -0.32
0.50 | -0.42 | -0.41
0.53 | -0.51 | -0.50
0.55 | -0.59 | -0.58
0.58 | -0.67 | -0.66
0.60 | -0.74 | -0.73
0.63 | -0.80 | -0.79
0.65 | -0.86 | -0.85
0.68 | -0.91 | -0.90
0.70 | -0.94 | -0.93
0.73 | -0.97 | -0.96
0.75 | -0.99 | -0.98
0.78 | -1.00 | -0.99
0.80 | -1.00 | -0.99
0.83 | -0.99 | -0.98
0.85 | -0.96 | -0.95
0.88 | -0.93 | -0.92
0.90 | -0.89 | -0.88
0.93 | -0.84 | -0.83
0.95 | -0.79 | -0.78
0.98 | -0.72 | -0.71
1.00 | -0.65 | -0.64
1.03 | -0.57 | -0.56
1.05 | -0.48 | -0.47
1.08 | -0.39 | -0.38
1.10 | -0.30 | -0.29
1.13 | -0.20 | -0.19
1.15 | -0.10 | -0.09
1.18 | -0.00 | 0.01
1.20 | 0.10 | 0.11
1.23 | 0.20 | 0.21
1.25 | 0.30 | 0.31
1.28 | 0.39 | 0.40
1.30 | 0.48 | 0.49
1.33 | 0.57 | 0.58
1.35 | 0.65 | 0.66
1.38 | 0.72 | 0.73
1.40 | 0.78 | 0.79
1.43 | 0.84 | 0.85
1.45 | 0.89 | 0.90
1.48 | 0.93 | 0.94
1.50 | 0.96 | 0.97
1.53 | 0.99 | 1.00
1.55 | 1.00 | 1.01
1.58 | 1.00 | 1.01
1.60 | 0.99 | 1.00
1.63 | 0.97 | 0.98
1.65 | 0.94 | 0.95
1.68 | 0.91 | 0.92
1.70 | 0.86 | 0.87
1.73 | 0.81 | 0.82
1.75 | 0.74 | 0.75
1.78 | 0.67 | 0.68
1.80 | 0.59 | 0.60
1.83 | 0.51 | 0.52
1.85 | 0.42 | 0.43
1.88 | 0.33 | 0.34
1.90 | 0.23 | 0.24
1.93 | 0.13 | 0.14
1.95 | 0.03 | 0.04
1.98 | -0.07 | -0.06
2.01 | -0.17 | -0.16
2.03 | -0.26 | -0.25
2.06 | -0.36 | -0.35
2.08 | -0.45 | -0.44
2.11 | -0.54 | -0.53
2.13 | -0.62 | -0.61
2.16 | -0.69 | -0.68
2.18 | -0.76 | -0.75
2.21 | -0.82 | -0.81
2.23 | -0.88 | -0.87
2.26 | -0.92 | -0.91
2.28 | -0.95 | -0.94
2.31 | -0.98 | -0.97
2.33 | -0.99 | -0.98
2.36 | -1.00 | -0.99
2.38 | -1.00 | -0.99
2.41 | -0.98 | -0.97
2.43 | -0.96 | -0.95
2.46 | -0.92 | -0.91
2.48 | -0.88 | -0.87
2.51 | -0.83 | -0.82
2.53 | -0.76 | -0.75
2.56 | -0.70 | -0.69
2.58 | -0.62 | -0.61
2.61 | -0.54 | -0.53
2.63 | -0.45 | -0.44
2.66 | -0.36 | -0.35
2.68 | -0.27 | -0.26
2.71 | -0.17 | -0.16
2.73 | -0.07 | -0.06
2.76 | 0.03 | 0.04
2.78 | 0.13 | 0.14
2.81 | 0.23 | 0.24
2.83 | 0.33 | 0.34
2.86 | 0.42 | 0.43
2.88 | 0.51 | 0.52
2.91 | 0.59 | 0.60
2.93 | 0.67 | 0.68
2.96 | 0.74 | 0.75
2.98 | 0.80 | 0.81
3.01 | 0.86 | 0.87
3.03 | 0.91 | 0.92
3.06 | 0.94 | 0.95
3.08 | 0.97 | 0.98
3.11 | 0.99 | 1.00
3.13 | 1.00 | 1.01
3.16 | 1.00 | 1.01
3.18 | 0.99 | 1.00
3.21 | 0.96 | 0.97
3.23 | 0.93 | 0.94
3.26 | 0.89 | 0.90
3.28 | 0.84 | 0.85
3.31 | 0.79 | 0.80
3.33 | 0.72 | 0.73
3.36 | 0.65 | 0.66
3.38 | 0.57 | 0.58
3.41 | 0.48 | 0.49
3.43 | 0.39 | 0.40
3.46 | 0.30 | 0.31
3.48 | 0.20 | 0.21
3.51 | 0.10 | 0.11
3.53 | 0.00 | 0.01
3.56 | -0.10 | -0.09
3.58 | -0.20 | -0.19
3.61 | -0.29 | -0.28
3.63 | -0.39 | -0.38
3.66 | -0.48 | -0.47
3.68 | -0.56 | -0.55
3.71 | -0.64 | -0.63
3.73 | -0.72 | -0.71
3.76 | -0.78 | -0.77
3.78 | -0.84 | -0.83
3.81 | -0.89 | -0.88
3.83 | -0.93 | -0.92
3.86 | -0.96 | -0.95
3.88 | -0.99 | -0.98
3.91 | -1.00 | -0.99
3.93 | -1.00 | -0.99
3.96 | -0.99 | -0.98
3.98 | -0.97 | -0.96
4.01 | -0.95 | -0.94
4.04 | -0.91 | -0.90
4.06 | -0.86 | -0.85
4.09 | -0.81 | -0.80
4.11 | -0.74 | -0.73
4.14 | -0.67 | -0.66
4.16 | -0.59 | -0.58
4.19 | -0.51 | -0.50
4.21 | -0.42 | -0.41
4.24 | -0.33 | -0.32
4.26 | -0.23 | -0.22
4.29 | -0.14 | -0.13
4.31 | -0.04 | -0.03
4.34 | 0.06 | 0.07
4.36 | 0.16 | 0.17
4.39 | 0.26 | 0.27
4.41 | 0.36 | 0.37
4.44 | 0.45 | 0.46
4.46 | 0.54 | 0.55
4.49 | 0.62 | 0.63
4.51 | 0.69 | 0.70
4.54 | 0.76 | 0.77
4.56 | 0.82 | 0.83
4.59 | 0.88 | 0.89
4.61 | 0.92 | 0.93
4.64 | 0.95 | 0.96
4.66 | 0.98 | 0.99
4.69 | 0.99 | 1.00
4.71 | 1.00 | 1.01
4.74 | 1.00 | 1.01
4.76 | 0.98 | 0.99
4.79 | 0.96 | 0.97
4.81 | 0.92 | 0.93
4.84 | 0.88 | 0.89
4.86 | 0.83 | 0.84
4.89 | 0.77 | 0.78
4.91 | 0.70 | 0.71
4.94 | 0.62 | 0.63
4.96 | 0.54 | 0.55
4.99 | 0.45 | 0.46
5.01 | 0.36 | 0.37
5.04 | 0.27 | 0.28
5.06 | 0.17 | 0.18
5.09 | 0.07 | 0.08
5.11 | -0.03 | -0.02
5.14 | -0.13 | -0.12
5.16 | -0.23 | -0.22
5.19 | -0.33 | -0.32
5.21 | -0.42 | -0.41
5.24 | -0.51 | -0.50
5.26 | -0.59 | -0.58
5.29 | -0.67 | -0.66
5.31 | -0.74 | -0.73
5.34 | -0.80 | -0.79
5.36 | -0.86 | -0.85
5.39 | -0.91 | -0.90
5.41 | -0.94 | -0.93
5.44 | -0.97 | -0.96
5.46 | -0.99 | -0.98
5.49 | -1.00 | -0.99
5.51 | -1.00 | -0.99
5.54 | -0.99 | -0.98
5.56 | -0.97 | -0.96
5.59 | -0.93 | -0.92
5.61 | -0.89 | -0.88
5.64 | -0.84 | -0.83
5.66 | -0.79 | -0.78
5.69 | -0.72 | -0.71
5.71 | -0.65 | -0.64
5.74 | -0.57 | -0.56
5.76 | -0.48 | -0.47
5.79 | -0.39 | -0.38
5.81 | -0.30 | -0.29
5.84 | -0.20 | -0.19
5.86 | -0.10 | -0.09
5.89 | -0.00 | 0.01
5.91 | 0.10 | 0.11
5.94 | 0.20 | 0.21
5.96 | 0.29 | 0.30
5.99 | 0.39 | 0.40
6.02 | 0.48 | 0.49
6.04 | 0.56 | 0.57
6.07 | 0.64 | 0.65
6.09 | 0.72 | 0.73
6.12 | 0.78 | 0.79
6.14 | 0.84 | 0.85
6.17 | 0.89 | 0.90
6.19 | 0.93 | 0.94
6.22 | 0.96 | 0.97
6.24 | 0.99 | 1.00
6.27 | 1.00 | 1.01
6.29 | 1.00 | 1.01
6.32 | 0.99 | 1.00
6.34 | 0.97 | 0.98
6.37 | 0.95 | 0.96
6.39 | 0.91 | 0.92
6.42 | 0.86 | 0.87
6.44 | 0.81 | 0.82
6.47 | 0.74 | 0.75
6.49 | 0.67 | 0.68
6.52 | 0.60 | 0.61
6.54 | 0.51 | 0.52
6.57 | 0.42 | 0.43
6.59 | 0.33 | 0.34
6.62 | 0.24 | 0.25
6.64 | 0.14 | 0.15
6.67 | 0.04 | 0.05
6.69 | -0.06 | -0.05
6.72 | -0.16 | -0.15
6.74 | -0.26 | -0.25
6.77 | -0.36 | -0.35
6.79 | -0.45 | -0.44
6.82 | -0.54 | -0.53
6.84 | -0.62 | -0.61
6.87 | -0.69 | -0.68
6.89 | -0.76 | -0.75
6.92 | -0.82 | -0.81
6.94 | -0.88 | -0.87
6.97 | -0.92 | -0.91
6.99 | -0.95 | -0.94
7.02 | -0.98 | -0.97
7.04 | -0.99 | -0.98
7.07 | -1.00 | -0.99
7.09 | -1.00 | -0.99
7.12 | -0.98 | -0.97
7.14 | -0.96 | -0.95
7.17 | -0.92 | -0.91
7.19 | -0.88 | -0.87
7.22 | -0.83 | -0.82
7.24 | -0.77 | -0.76
7.27 | -0.70 | -0.69
7.29 | -0.62 | -0.61
7.32 | -0.54 | -0.53
7.34 | -0.45 | -0.44
7.37 | -0.36 | -0.35
7.39 | -0.27 | -0.26
7.42 | -0.17 | -0.16
7.44 | -0.07 | -0.06
7.47 | 0.03 | 0.04
7.49 | 0.13 | 0.14
7.52 | 0.23 | 0.24
7.54 | 0.32 | 0.33
7.57 | 0.42 | 0.43
7.59 | 0.51 | 0.52
7.62 | 0.59 | 0.60
7.64 | 0.67 | 0.68
7.67 | 0.74 | 0.75
7.69 | 0.80 | 0.81
7.72 | 0.86 | 0.87
7.74 | 0.91 | 0.92
7.77 | 0.94 | 0.95
7.79 | 0.97 | 0.98
7.82 | 0.99 | 1.00
7.84 | 1.00 | 1.01
7.87 | 1.00 | 1.01
7.89 | 0.99 | 1.00
7.92 | 0.97 | 0.98
7.94 | 0.93 | 0.94
7.97 | 0.89 | 0.90
7.99 | 0.85 | 0.86
8.02 | 0.79 | 0.80
8.05 | 0.72 | 0.73
8.07 | 0.65 | 0.66
8.10 | 0.57 | 0.58
8.12 | 0.48 | 0.49
8.15 | 0.39 | 0.40
8.17 | 0.30 | 0.31
8.20 | 0.20 | 0.21
8.22 | 0.10 | 0.11
8.25 | 0.00 | 0.01
8.27 | -0.10 | -0.09
8.30 | -0.19 | -0.18
8.32 | -0.29 | -0.28
8.35 | -0.39 | -0.38
8.37 | -0.48 | -0.47
8.40 | -0.56 | -0.55
8.42 | -0.64 | -0.63
8.45 | -0.72 | -0.71
8.47 | -0.78 | -0.77
8.50 | -0.84 | -0.83
8.52 | -0.89 | -0.88
8.55 | -0.93 | -0.92
8.57 | -0.96 | -0.95
8.60 | -0.99 | -0.98
8.62 | -1.00 | -0.99
8.65 | -1.00 | -0.99
8.67 | -0.99 | -0.98
8.70 | -0.97 | -0.96
8.72 | -0.95 | -0.94
8.75 | -0.91 | -0.90
8.77 | -0.86 | -0.85
8.80 | -0.81 | -0.80
8.82 | -0.74 | -0.73
8.85 | -0.67 | -0.66
8.87 | -0.60 | -0.59
8.90 | -0.51 | -0.50
8.92 | -0.43 | -0.42
8.95 | -0.33 | -0.32
8.97 | -0.24 | -0.23
9.00 | -0.14 | -0.13
9.02 | -0.04 | -0.03
9.05 | 0.06 | 0.07
9.07 | 0.16 | 0.17
9.10 | 0.26 | 0.27
9.12 | 0.35 | 0.36
9.15 | 0.45 | 0.46
9.17 | 0.53 | 0.54
9.20 | 0.62 | 0.63
9.22 | 0.69 | 0.70
9.25 | 0.76 | 0.77
9.27 | 0.82 | 0.83
9.30 | 0.87 | 0.88
9.32 | 0.92 | 0.93
9.35 | 0.95 | 0.96
9.37 | 0.98 | 0.99
9.40 | 0.99 | 1.00
9.42 | 1.00 | 1.01
9.45 | 1.00 | 1.01
9.47 | 0.98 | 0.99
9.50 | 0.96 | 0.97
9.52 | 0.92 | 0.93
9.55 | 0.88 | 0.89
9.57 | 0.83 | 0.84
9.60 | 0.77 | 0.78
9.62 | 0.70 | 0.71
9.65 | 0.62 | 0.63
9.67 | 0.54 | 0.55
9.70 | 0.46 | 0.47
9.72 | 0.36 | 0.37
9.75 | 0.27 | 0.28
9.77 | 0.17 | 0.18
9.80 | 0.07 | 0.08
9.82 | -0.03 | -0.02
9.85 | -0.13 | -0.12
9.87 | -0.23 | -0.22
9.90 | -0.32 | -0.31
9.92 | -0.42 | -0.41
9.95 | -0.51 | -0.50
9.97 | -0.59 | -0.58
10.00 | -0.67 | -0.66
