tau, avaraged solution, real solution
0.00 | 0.00 | -0.01
0.03 | -0.04 | -0.05
0.05 | -0.08 | -0.09
0.08 | -0.13 | -0.14
0.10 | -0.17 | -0.18
0.13 | -0.21 | -0.22
0.15 | -0.25 | -0.26
0.18 | -0.29 | -0.30
0.20 | -0.33 | -0.34
0.23 | -0.38 | -0.39
0.25 | -0.42 | -0.43
0.28 | -0.46 | -0.47
0.30 | -0.50 | -0.51
0.33 | -0.54 | -0.55
0.35 | -0.58 | -0.59
0.38 | -0.63 | -0.64
0.40 | -0.67 | -0.68
0.43 | -0.71 | -0.72
0.45 | -0.75 | -0.76
0.48 | -0.79 | -0.80
0.50 | -0.84 | -0.85
0.53 | -0.88 | -0.89
0.55 | -0.92 | -0.93
0.58 | -0.96 | -0.97
0.60 | -1.00 | -1.01
0.63 | -1.04 | -1.05
0.65 | -1.09 | -1.10
0.68 | -1.13 | -1.14
0.70 | -1.17 | -1.18
0.73 | -1.21 | -1.22
0.75 | -1.25 | -1.26
0.78 | -1.29 | -1.30
0.80 | -1.34 | -1.35
0.83 | -1.38 | -1.39
0.85 | -1.42 | -1.43
0.88 | -1.46 | -1.47
0.90 | -1.50 | -1.51
0.93 | -1.55 | -1.56
0.95 | -1.59 | -1.60
0.98 | -1.63 | -1.64
1.00 | -1.67 | -1.68
1.03 | -1.71 | -1.72
1.05 | -1.75 | -1.76
1.08 | -1.80 | -1.81
1.10 | -1.84 | -1.85
1.13 | -1.88 | -1.89
1.15 | -1.92 | -1.93
1.18 | -1.96 | -1.97
1.20 | -2.01 | -2.02
1.23 | -2.05 | -2.06
1.25 | -2.09 | -2.10
1.28 | -2.13 | -2.14
1.30 | -2.17 | -2.18
1.33 | -2.21 | -2.22
1.35 | -2.26 | -2.27
1.38 | -2.30 | -2.31
1.40 | -2.34 | -2.35
1.43 | -2.38 | -2.39
1.45 | -2.42 | -2.43
1.48 | -2.46 | -2.47
1.50 | -2.51 | -2.52
1.53 | -2.55 | -2.56
1.55 | -2.59 | -2.60
1.58 | -2.63 | -2.64
1.60 | -2.67 | -2.68
1.63 | -2.72 | -2.73
1.65 | -2.76 | -2.77
1.68 | -2.80 | -2.81
1.70 | -2.84 | -2.85
1.73 | -2.88 | -2.89
1.75 | -2.92 | -2.93
1.78 | -2.97 | -2.98
1.80 | -3.01 | -3.02
1.83 | -3.05 | -3.06
1.85 | -3.09 | -3.10
1.88 | -3.13 | -3.14
1.90 | -3.17 | -3.18
1.93 | -3.22 | -3.23
1.95 | -3.26 | -3.27
1.98 | -3.30 | -3.31
2.01 | -3.34 | -3.35
2.03 | -3.38 | -3.39
2.06 | -3.43 | -3.44
2.08 | -3.47 | -3.48
2.11 | -3.51 | -3.52
2.13 | -3.55 | -3.56
2.16 | -3.59 | -3.60
2.18 | -3.63 | -3.64
2.21 | -3.68 | -3.69
2.23 | -3.72 | -3.73
2.26 | -3.76 | -3.77
2.28 | -3.80 | -3.81
2.31 | -3.84 | -3.85
2.33 | -3.88 | -3.89
2.36 | -3.93 | -3.94
2.38 | -3.97 | -3.98
2.41 | -4.01 | -4.02
2.43 | -4.05 | -4.06
2.46 | -4.09 | -4.10
2.48 | -4.14 | -4.15
2.51 | -4.18 | -4.19
2.53 | -4.22 | -4.23
2.56 | -4.26 | -4.27
2.58 | -4.30 | -4.31
2.61 | -4.34 | -4.35
2.63 | -4.39 | -4.40
2.66 | -4.43 | -4.44
2.68 | -4.47 | -4.48
2.71 | -4.51 | -4.52
2.73 | -4.55 | -4.56
2.76 | -4.59 | -4.60
2.78 | -4.64 | -4.65
2.81 | -4.68 | -4.69
2.83 | -4.72 | -4.73
2.86 | -4.76 | -4.77
2.88 | -4.80 | -4.81
2.91 | -4.85 | -4.86
2.93 | -4.89 | -4.90
2.96 | -4.93 | -4.94
2.98 | -4.97 | -4.98
3.01 | -5.01 | -5.02
3.03 | -5.05 | -5.06
3.06 | -5.10 | -5.11
3.08 | -5.14 | -5.15
3.11 | -5.18 | -5.19
3.13 | -5.22 | -5.23
3.16 | -5.26 | -5.27
3.18 | -5.30 | -5.31
3.21 | -5.35 | -5.36
3.23 | -5.39 | -5.40
3.26 | -5.43 | -5.44
3.28 | -5.47 | -5.48
3.31 | -5.51 | -5.52
3.33 | -5.56 | -5.57
3.36 | -5.60 | -5.61
3.38 | -5.64 | -5.65
3.41 | -5.68 | -5.69
3.43 | -5.72 | -5.73
3.46 | -5.76 | -5.77
3.48 | -5.81 | -5.82
3.51 | -5.85 | -5.86
3.53 | -5.89 | -5.90
3.56 | -5.93 | -5.94
3.58 | -5.97 | -5.98
3.61 | -6.02 | -6.03
3.63 | -6.06 | -6.07
3.66 | -6.10 | -6.11
3.68 | -6.14 | -6.15
3.71 | -6.18 | -6.19
3.73 | -6.22 | -6.23
3.76 | -6.27 | -6.28
3.78 | -6.31 | -6.32
3.81 | -6.35 | -6.36
3.83 | -6.39 | -6.40
3.86 | -6.43 | -6.44
3.88 | -6.47 | -6.48
3.91 | -6.52 | -6.53
3.93 | -6.56 | -6.57
3.96 | -6.60 | -6.61
3.98 | -6.64 | -6.65
4.01 | -6.68 | -6.69
4.04 | -6.73 | -6.74
4.06 | -6.77 | -6.78
4.09 | -6.81 | -6.82
4.11 | -6.85 | -6.86
4.14 | -6.89 | -6.90
4.16 | -6.93 | -6.94
4.19 | -6.98 | -6.99
4.21 | -7.02 | -7.03
4.24 | -7.06 | -7.07
4.26 | -7.10 | -7.11
4.29 | -7.14 | -7.15
4.31 | -7.18 | -7.19
4.34 | -7.23 | -7.24
4.36 | -7.27 | -7.28
4.39 | -7.31 | -7.32
4.41 | -7.35 | -7.36
4.44 | -7.39 | -7.40
4.46 | -7.44 | -7.45
4.49 | -7.48 | -7.49
4.51 | -7.52 | -7.53
4.54 | -7.56 | -7.57
4.56 | -7.60 | -7.61
4.59 | -7.64 | -7.65
4.61 | -7.69 | -7.70
4.64 | -7.73 | -7.74
4.66 | -7.77 | -7.78
4.69 | -7.81 | -7.82
4.71 | -7.85 | -7.86
4.74 | -7.89 | -7.90
4.76 | -7.94 | -7.95
4.79 | -7.98 | -7.99
4.81 | -8.02 | -8.03
4.84 | -8.06 | -8.07
4.86 | -8.10 | -8.11
4.89 | -8.15 | -8.16
4.91 | -8.19 | -8.20
4.94 | -8.23 | -8.24
4.96 | -8.27 | -8.28
4.99 | -8.31 | -8.32
5.01 | -8.35 | -8.36
5.04 | -8.40 | -8.41
5.06 | -8.44 | -8.45
5.09 | -8.48 | -8.49
5.11 | -8.52 | -8.53
5.14 | -8.56 | -8.57
5.16 | -8.60 | -8.61
5.19 | -8.65 | -8.66
5.21 | -8.69 | -8.70
5.24 | -8.73 | -8.74
5.26 | -8.77 | -8.78
5.29 | -8.81 | -8.82
5.31 | -8.86 | -8.87
5.34 | -8.90 | -8.91
5.36 | -8.94 | -8.95
5.39 | -8.98 | -8.99
5.41 | -9.02 | -9.03
5.44 | -9.06 | -9.07
5.46 | -9.11 | -9.12
5.49 | -9.15 | -9.16
5.51 | -9.19 | -9.20
5.54 | -9.23 | -9.24
5.56 | -9.27 | -9.28
5.59 | -9.31 | -9.32
5.61 | -9.36 | -9.37
5.64 | -9.40 | -9.41
5.66 | -9.44 | -9.45
5.69 | -9.48 | -9.49
5.71 | -9.52 | -9.53
5.74 | -9.57 | -9.58
5.76 | -9.61 | -9.62
5.79 | -9.65 | -9.66
5.81 | -9.69 | -9.70
5.84 | -9.73 | -9.74
5.86 | -9.77 | -9.78
5.89 | -9.82 | -9.83
5.91 | -9.86 | -9.87
5.94 | -9.90 | -9.91
5.96 | -9.94 | -9.95
5.99 | -9.98 | -9.99
6.02 | -10.03 | -10.04
6.04 | -10.07 | -10.08
6.07 | -10.11 | -10.12
6.09 | -10.15 | -10.16
6.12 | -10.19 | -10.20
6.14 | -10.23 | -10.24
6.17 | -10.28 | -10.29
6.19 | -10.32 | -10.33
6.22 | -10.36 | -10.37
6.24 | -10.40 | -10.41
6.27 | -10.44 | -10.45
6.29 | -10.48 | -10.49
6.32 | -10.53 | -10.54
6.34 | -10.57 | -10.58
6.37 | -10.61 | -10.62
6.39 | -10.65 | -10.66
6.42 | -10.69 | -10.70
6.44 | -10.74 | -10.75
6.47 | -10.78 | -10.79
6.49 | -10.82 | -10.83
6.52 | -10.86 | -10.87
6.54 | -10.90 | -10.91
6.57 | -10.94 | -10.95
6.59 | -10.99 | -11.00
6.62 | -11.03 | -11.04
6.64 | -11.07 | -11.08
6.67 | -11.11 | -11.12
6.69 | -11.15 | -11.16
6.72 | -11.19 | -11.20
6.74 | -11.24 | -11.25
6.77 | -11.28 | -11.29
6.79 | -11.32 | -11.33
6.82 | -11.36 | -11.37
6.84 | -11.40 | -11.41
6.87 | -11.45 | -11.46
6.89 | -11.49 | -11.50
6.92 | -11.53 | -11.54
6.94 | -11.57 | -11.58
6.97 | -11.61 | -11.62
6.99 | -11.65 | -11.66
7.02 | -11.70 | -11.71
7.04 | -11.74 | -11.75
7.07 | -11.78 | -11.79
7.09 | -11.82 | -11.83
7.12 | -11.86 | -11.87
7.14 | -11.90 | -11.91
7.17 | -11.95 | -11.96
7.19 | -11.99 | -12.00
7.22 | -12.03 | -12.04
7.24 | -12.07 | -12.08
7.27 | -12.11 | -12.12
7.29 | -12.16 | -12.17
7.32 | -12.20 | -12.21
7.34 | -12.24 | -12.25
7.37 | -12.28 | -12.29
7.39 | -12.32 | -12.33
7.42 | -12.36 | -12.37
7.44 | -12.41 | -12.42
7.47 | -12.45 | -12.46
7.49 | -12.49 | -12.50
7.52 | -12.53 | -12.54
7.54 | -12.57 | -12.58
7.57 | -12.61 | -12.62
7.59 | -12.66 | -12.67
7.62 | -12.70 | -12.71
7.64 | -12.74 | -12.75
7.67 | -12.78 | -12.79
7.69 | -12.82 | -12.83
7.72 | -12.87 | -12.88
7.74 | -12.91 | -12.92
7.77 | -12.95 | -12.96
7.79 | -12.99 | -13.00
7.82 | -13.03 | -13.04
7.84 | -13.07 | -13.08
7.87 | -13.12 | -13.13
7.89 | -13.16 | -13.17
7.92 | -13.20 | -13.21
7.94 | -13.24 | -13.25
7.97 | -13.28 | -13.29
7.99 | -13.32 | -13.33
8.02 | -13.37 | -13.38
8.05 | -13.41 | -13.42
8.07 | -13.45 | -13.46
8.10 | -13.49 | -13.50
8.12 | -13.53 | -13.54
8.15 | -13.58 | -13.59
8.17 | -13.62 | -13.63
8.20 | -13.66 | -13.67
8.22 | -13.70 | -13.71
8.25 | -13.74 | -13.75
8.27 | -13.78 | -13.79
8.30 | -13.83 | -13.84
8.32 | -13.87 | -13.88
8.35 | -13.91 | -13.92
8.37 | -13.95 | -13.96
8.40 | -13.99 | -14.00
8.42 | -14.04 | -14.05
8.45 | -14.08 | -14.09
8.47 | -14.12 | -14.13
8.50 | -14.16 | -14.17
8.52 | -14.20 | -14.21
8.55 | -14.24 | -14.25
8.57 | -14.29 | -14.30
8.60 | -14.33 | -14.34
8.62 | -14.37 | -14.38
8.65 | -14.41 | -14.42
8.67 | -14.45 | -14.46
8.70 | -14.49 | -14.50
8.72 | -14.54 | -14.55
8.75 | -14.58 | -14.59
8.77 | -14.62 | -14.63
8.80 | -14.66 | -14.67
8.82 | -14.70 | -14.71
8.85 | -14.75 | -14.76
8.87 | -14.79 | -14.80
8.90 | -14.83 | -14.84
8.92 | -14.87 | -14.88
8.95 | -14.91 | -14.92
8.97 | -14.95 | -14.96
9.00 | -15.00 | -15.01
9.02 | -15.04 | -15.05
9.05 | -15.08 | -15.09
9.07 | -15.12 | -15.13
9.10 | -15.16 | -15.17
9.12 | -15.20 | -15.21
9.15 | -15.25 | -15.26
9.17 | -15.29 | -15.30
9.20 | -15.33 | -15.34
9.22 | -15.37 | -15.38
9.25 | -15.41 | -15.42
9.27 | -15.46 | -15.47
9.30 | -15.50 | -15.51
9.32 | -15.54 | -15.55
9.35 | -15.58 | -15.59
9.37 | -15.62 | -15.63
9.40 | -15.66 | -15.67
9.42 | -15.71 | -15.72
9.45 | -15.75 | -15.76
9.47 | -15.79 | -15.80
9.50 | -15.83 | -15.84
9.52 | -15.87 | -15.88
9.55 | -15.91 | -15.92
9.57 | -15.96 | -15.97
9.60 | -16.00 | -16.01
9.62 | -16.04 | -16.05
9.65 | -16.08 | -16.09
9.67 | -16.12 | -16.13
9.70 | -16.17 | -16.18
9.72 | -16.21 | -16.22
9.75 | -16.25 | -16.26
9.77 | -16.29 | -16.30
9.80 | -16.33 | -16.34
9.82 | -16.37 | -16.38
9.85 | -16.42 | -16.43
9.87 | -16.46 | -16.47
9.90 | -16.50 | -16.51
9.92 | -16.54 | -16.55
9.95 | -16.58 | -16.59
9.97 | -16.62 | -16.63
10.00 | -16.67 | -16.68
